apcupsd=3.14.14-3.1
asterisk=1:16.16.1~dfsg-1+deb11u1
atftpd=0.7.git20120829-3.3+deb11u2
avahi-daemon=0.8-5
avahi-dnsconfd=0.8-5
bind9=1:9.16.27-1~deb11u1
busybox-syslogd=1:1.30.1-6
charon-systemd=5.9.1-1+deb11u2
chrony=4.0-8+deb11u2
corosync=3.1.2-2
cups-browsed=1.28.7-1+deb11u1
freeradius=3.0.21+dfsg-2.2+deb11u1
glusterfs-common=9.2-1
gnustep-base-runtime=1.27.0-3
hplip=3.21.2+dfsg1-2
inetutils-syslogd=2:2.0-1
iodine=0.7.0-10
isc-dhcp-client-ddns=4.4.1-2.3
isc-dhcp-client=4.4.1-2.3
isc-dhcp-server-ldap=4.4.1-2.3
isc-dhcp-server=4.4.1-2.3
iwd=1.14-3
knot=3.0.5-1
krb5-admin-server=1.18.3-6+deb11u1
krb5-kdc=1.18.3-6+deb11u1
libreswan=4.3-1+deb11u1
memcached=1.6.9+dfsg-1
minissdpd=1.5.20190824-1
network-manager=1.30.0-2
nfs-kernel-server=1:1.3.4-6
nsd=4.3.5-1
ntp=1:4.2.8p15+dfsg-1
ntpsec=1.2.0+dfsg1-4
openafs-fileserver=1.8.6-5
openbsd-inetd=0.20160825-5
openntpd=1:6.2p3-4.2
openvpn=2.5.1-3
pulseaudio=14.2-2
rpcbind=1.2.5-9
rsyslog=8.2102.0-2+deb11u1
rwhod=0.17-14+b1
samba=2:4.13.13+dfsg-1~deb11u3
snmpd=5.9+dfsg-3+b1
snmptrapd=5.9+dfsg-3+b1
squid-openssl=4.13-10
squid=4.13-10
squidclient=4.13-10
stubby=1.6.0-2
syncthing=1.12.1~ds1-4
syslog-ng-core=3.28.1-2+b1
systemd-timesyncd=247.3-7
systemd=247.3-7
tftpd-hpa=5.2+20150808-1.2
tftpd=0.17-23
tor=0.4.5.10-1~deb11u1
unbound=1.13.1-1
wide-dhcpv6-client=20080615-23
wpasupplicant=2:2.9.0-21
xinetd=1:2.3.15.3-1+b1
xl2tpd=1.3.12-1.1
